name=Deagle
p1=1905.976196,-1655.214721,31.811527,87.348396
p2=1843.274414,-1653.131958,31.804687,270.626770,0.000000
guns= 24.000000,0.000000,0.000000,0.000000,0.000000,