name=Combat Shotgun
p1=1647.225219,-2286.111083,-1.211817,269.654541
p2=1718.403320,-2286.426513,-1.207459,89.341194,0.000000
guns= 27.000000,0.000000,0.000000,0.000000,0.000000,