name=M4
p1=2236.225585,-1188.724121,1029.804321,91.470809
p2=2193.265136,-1188.468261,1029.796875,270.362426,15.000000
guns= 31.000000,0.000000,0.000000,0.000000,0.000000,