name=Sniper Rifle
p1=365.722229,-2054.551757,15.406600,0.514208
p2=375.807342,-1885.813232,7.408961,353.307464,0.000000
guns= 34.000000,0.000000,0.000000,0.000000,0.000000,