name=Deagle & Combat
p1=1610.399169,1205.461303,10.812500,128.854141
p2=1557.784790,1164.993408,10.805154,308.790313,0.000000
guns= 24.000000,27.000000,0.000000,0.000000,0.000000,