name=Deagle & Pump
p1=-2182.614257,385.124267,59.548851,357.824768
p2=-2180.974121,445.272949,59.548851,177.029739,0.000000
guns= 24.000000,25.000000,0.000000,0.000000,0.000000,