name=Walking Combo
p1=-2263.641113,2285.985107,4.820213,359.784820
p2=-2263.083007,2337.642333,4.812500,180.411483,0.000000
guns= 24.000000,27.000000,31.000000,34.000000,0.000000,