name=Deagle & Combat
p1=1859.490356,1978.693969,7.594588,267.909210
p2=1907.155883,1977.184204,7.594588,87.700309,0.000000
guns= 24.000000,27.000000,0.000000,0.000000,0.000000,