name=Sawnies & Tec
p1=2519.756103,2355.932617,4.217899,358.044311
p2=2520.760498,2396.419433,4.210937,172.605468,0.000000
guns= 26.000000,32.000000,0.000000,0.000000,0.000000,