name=Deagle & Comb
center=-2050.550048,-195.632659,35.327392,0.000000
min=-2096.316650,-280.721832
max=-2011.487060,-103.432769
guns=24.000000,27.000000,31.000000,34.000000,0.000000
