name=Random Weps FTW
center=-2572.587890,2140.717041,-42.874614,0.000000
min=-2659.320800,2108.726074
max=-2487.859863,2207.654052
guns=-1