dmnames_1=Deagle & Comb
dmcenter_1=-2050.550048,-195.632659,35.327392,0.000000
dmmin_1=-2096.316650,-280.721832
dmmax_1=-2011.487060,-103.432769
dmguns_1=24.000000,27.000000,31.000000,34.000000,0.000000

dmnames_2=Random Weps FTW
dmcenter_2=-2572.587890,2140.717041,-42.874614,0.000000
dmmin_2=-2659.320800,2108.726074
dmmax_2=-2487.859863,2207.654052
dmguns_2=-1
