about=LS Farris Wheel

home=381.467956,-2058.532226,10.718050

a_0=-64.920593,-1590.161499,2.617187


d_0=384.070800,-2071.250488,7.835937



interior=0
date=1/12/2009
creator=Killadel Rydaz
played=122
attwins=28
defwins=33
