home=-2218.497314,-338.477661,44.811080


a_0=-2045.187866,227.724761,35.121738


d_0=-2204.853027,-313.570709,35.570312



about=Foster Valley Bridge

interior=0
time=
date=1/12/2009
creator=Killadel Rydaz
played=2
attwins=2
defwins=0
