date=8/21/2010
creator=[___]Shane
home=1961.089721,1017.934448,992.468750

interior=10
d_0=1994.124633,1017.777770,994.890625

a_0=1935.809082,1017.704040,992.468750

played=26
attwins=3
defwins=1
