date=8/21/2010
creator=[___]Shane
home=-1052.071655,1056.189208,1341.351562

interior=10
a_0=-973.893981,1061.151855,1345.673706

d_0=-1131.442871,1057.625610,1346.414916

played=30
attwins=1
defwins=3
