date=8/21/2010
creator=[___]Shane
home=2496.311035,-1709.057861,1014.742187

interior=3
d_0=2494.352050,-1700.265747,1014.742187

a_0=2493.429931,-1702.875610,1018.343750

played=19
