date=9/17/2010
creator=[___]Shane
a_0=2137.565185,-1979.274047,13.546875


d_0=2695.170166,-2116.588378,13.548791

home=2647.156982,-2116.932373,13.546875

interior=0
time=12
played=7
attwins=2
defwins=4
