date=9/17/2010
creator=[___]Shane
home=2788.113525,-2456.647216,13.633584




interior=0
d_0=2788.113525,-2456.647216,13.633584


time=12
a_0=2524.802978,-2451.566162,13.623967

played=8
attwins=2
defwins=1
