date=9/17/2010
creator=[___]Shane
home=1874.411132,-1954.554931,23.351562

interior=0
d_0=1887.233154,-1955.516723,13.554664

a_0=1640.633300,-2115.659179,13.554687

time=12
played=13
attwins=9
defwins=3
