date=9/17/2010
creator=[___]Shane
home=784.134277,-1730.399780,13.546875

interior=0
d_0=774.620788,-1727.860473,16.932004

a_0=836.953857,-2063.663574,12.867187

time=12
played=14
attwins=5
defwins=6
