date=9/17/2010
creator=[___]Shane
d_0=1478.293334,-1638.850219,14.148437



home=1478.293334,-1638.850219,14.148437


interior=0
time=12
a_0=1923.039428,-1612.498779,13.382812


played=8
attwins=4
defwins=2
