date=9/17/2010
creator=[___]Shane
home=512.235229,-1623.567749,26.093750

interior=0
d_0=522.672973,-1613.527343,16.435647

a_0=487.804443,-1284.916259,15.522636

time=12
played=5
attwins=2
defwins=3
