date=9/21/2010
creator=[___]Andy
home=2791.065429,-1427.001342,36.093750

interior=0
d_0=2813.005859,-1450.826660,36.077407

a_0=2583.895507,-2082.757080,2.904027

time=0
played=4
attwins=1
defwins=0
