home=2837.4077,-2371.7480,31.0078

a_0=2768.940185,-1968.613037,13.382083

d_0=2838.500488,-2370.270507,31.007812


about=Los Santos Freighter

interior=0
date=1/12/2009
creator=Killadel Rydaz
played=1
attwins=0
defwins=1
