date=9/22/2010
creator=[___]Whitetiger
home=-260.930419,-2184.054931,28.975414

interior=0
d_0=-266.566345,-2171.754638,28.907699

time=12
a_0=-1550.451538,-2752.893798,48.536220

played=9
attwins=3
defwins=2
