date=9/22/2010
creator=[___]Whitetiger
home=-2510.283447,775.754638,35.171875

interior=0
a_0=-2986.293945,475.470916,4.914062


d_0=-2501.928710,770.683776,35.171875

time=12
played=5
attwins=2
defwins=2
