date=9/22/2010
creator=[___]Whitetiger
home=-1511.672241,1976.432617,48.421875

interior=0
d_0=-1508.054687,1984.087158,48.337913

a_0=-921.825805,1915.210449,129.043457

time=12
played=6
attwins=4
defwins=1
