date=9/25/2010
creator=[___]Whitetiger
home=-1978.394897,430.780731,25.278411


interior=0
d_0=-1943.753662,485.888122,31.968750


a_0=-1624.977050,1138.804321,23.611293


time=12
played=6
attwins=2
defwins=2
