date=9/25/2010
creator=[___]Whitetiger
home=-2079.774902,1063.629028,65.567855

interior=0
d_0=-2067.055419,1065.877075,55.828987

a_0=-2595.724609,568.544067,14.460937

played=5
attwins=3
defwins=2
