date=9/25/2010
creator=[___]Whitetiger
home=-2565.688476,653.775634,14.453125

interior=0
d_0=-2565.688476,653.775634,14.453125

a_0=-1553.422729,625.873168,7.039062

time=12
played=4
attwins=2
defwins=1
