date=9/25/2010
creator=[___]Whitetiger
home=-1672.249267,437.755493,7.179687

interior=0
d_0=-1668.853759,434.466644,7.179687

a_0=-1573.834838,-1402.750732,47.247005

played=4
attwins=0
defwins=3
