date=9/29/2010
creator=[___]Shane
a_0=-792.156860,2425.144287,157.152542

d_0=-772.546264,2753.566894,45.733024

home=-771.847839,2752.367187,45.738140

interior=0
time=12
played=6
attwins=3
defwins=1
