date=9/29/2010
creator=[___]Shane
a_0=-468.130767,2196.792480,45.864513


d_0=-827.022277,2260.390136,70.356986



home=-800.416748,2258.765625,58.913337


interior=0
time=12
played=4
attwins=1
defwins=2
