date=9/29/2010
creator=[___]Shane
home=-1514.844238,2523.476074,55.812847

interior=0
d_0=-1514.668457,2521.158691,60.441654

a_0=-2087.521972,2701.099365,163.149200

time=12
played=4
attwins=4
defwins=0
