home=2130.156250,-2280.542236,20.664308

a_0=2768.597167,-1970.989135,13.382814

d_0=2137.461181,-2280.671142,20.671875

about=Ocean Docks Warehouse

interior=0
date=1/12/2009
creator=Killadel Rydaz
played=11
attwins=7
defwins=4
