date=9/30/2010
creator=[___]Shane
d_0=-1095.665771,2287.895751,87.074729

home=-1095.665771,2287.895751,87.074729

interior=0
time=12
a_0=-1302.300537,2698.924316,50.062500

played=12
attwins=2
defwins=6
