date=9/30/2010
creator=[___]Shane
home=-1820.208374,2059.633544,9.337141

interior=0
d_0=-1814.604858,2045.582641,8.911505

a_0=-2025.331542,2370.805419,5.564647

time=12
played=10
attwins=2
defwins=6
