date=9/30/2010
creator=[___]Shane
home=-2010.280395,2366.333496,7.635398

interior=0
d_0=-2090.659179,2313.052734,25.914062

a_0=-2438.866455,2335.737792,4.835937

time=12
played=9
attwins=3
defwins=3
