date=9/30/2010
creator=[___]Shane
home=-2463.265869,2501.012695,16.475772

interior=0
d_0=-2463.265869,2501.012695,16.475772

time=12
a_0=-2766.241210,2349.665527,74.422058

played=6
attwins=3
defwins=2
