date=9/30/2010
creator=[___]Shane
home=-1790.210571,1226.344238,32.656250

interior=0
d_0=-1790.076049,1221.236694,32.656250

time=12
a_0=-1795.026000,757.797241,24.890625

played=7
attwins=4
defwins=1
