date=9/30/2010
creator=[___]Shane
home=-1663.003417,1386.773071,9.804687

interior=0
d_0=-1675.223388,1398.282348,12.203125

time=12
a_0=-2078.090087,1409.466308,7.101562

played=6
attwins=2
defwins=3
