date=9/30/2010
creator=[___]Shane
home=-2525.019775,316.800872,27.765625

interior=0
d_0=-2484.567626,408.617797,27.781250

time=12
a_0=-2305.227050,91.924369,35.312500

played=7
attwins=2
defwins=3
