date=9/30/2010
creator=[___]Shane
home=-2564.353759,1220.006225,41.210937

interior=0
time=12
d_0=-2532.492187,1226.176147,37.421875

a_0=-2750.814697,998.160400,54.312973

played=5
attwins=3
defwins=2
