date=9/30/2010
creator=[___]Shane
home=-2110.715820,-0.867352,35.320312

interior=0
d_0=-2122.690917,-6.453335,35.320312

time=12
a_0=-2037.884643,-349.360137,35.304687

played=5
attwins=2
defwins=3
