date=9/30/2010
creator=[___]Shane
home=-1733.090698,1243.425537,7.546875


interior=0
d_0=-1713.162475,1246.675659,17.927331

time=12
a_0=-2597.416503,1390.659790,7.179318

played=8
attwins=3
defwins=3
