home=-250.569229,2599.775634,62.858154




a_0=274.293731,1404.212158,10.451916


d_0=-237.646499,2598.596191,62.703125






about=Las Payasadas
interior=0
date=1/12/2009
creator=Killadel Rydaz
time=16
played=8
attwins=4
defwins=2
