date=10/3/2010
creator=[___]Shane
d_0=1054.500122,1997.907348,10.820312

home=1054.500122,1997.907348,10.820312

interior=0
time=12
a_0=1080.721679,1284.579345,10.820312

played=4
attwins=2
defwins=1
