date=10/3/2010
creator=[___]Shane
d_0=1608.576904,1448.779052,33.288055

home=1608.576904,1448.779052,33.288055

interior=0
time=12
a_0=1359.730468,2148.276855,11.015625

played=5
attwins=3
defwins=1
