date=10/3/2010
creator=[___]Shane
home=1477.236083,2004.062377,11.023437

interior=0
d_0=1477.500610,2016.067504,10.820312

time=12
a_0=2031.236328,1416.564208,10.820312

played=4
attwins=1
defwins=3
