date=10/5/2010
creator=[___]Shane
d_0=-284.674499,2156.404785,112.925788

home=-261.846923,2225.142089,110.348976

interior=0
time=12
a_0=-234.951416,2377.253417,109.797241

played=2
attwins=1
defwins=0
