date=10/5/2010
creator=[___]Shane
d_0=-328.855621,1558.356445,75.560134

home=-328.855621,1558.356445,75.560134

interior=0
a_0=-220.196121,875.253906,10.398248

time=12
played=2
attwins=1
defwins=1
