date=10/5/2010
creator=[___]Shane
home=-217.750885,1063.196044,19.742187

interior=0
d_0=-228.259719,1041.166748,19.742187

a_0=-749.050354,1212.199584,11.074279

time=12
played=5
attwins=0
defwins=3
