date=10/5/2010
creator=[___]Shane
home=-30.328863,1198.406738,19.210937

interior=0
d_0=-30.328863,1198.406738,19.210937

a_0=-380.763397,1826.854736,50.539558

time=12
played=2
attwins=0
defwins=1
