home=-1816.322875,1304.382202,41.148437


a_0=-1762.995239,-165.330429,3.554687

d_0=-1813.810424,1297.423583,41.497718




about=SF Parking Garage

interior=0
date=1/12/2009
creator=Killadel Rydaz
time=16
played=1
attwins=0
defwins=1
