home=935.366638,2069.948974,10.820312


a_0=1812.880981,2736.020019,10.835937

d_0=947.405822,2070.415283,10.820312


about=Whitewood Warehouse

interior=0
date=1/12/2009
creator=Killadel Rydaz
time=12
played=3
attwins=1
defwins=1
