home=2114.321044,2416.648681,49.523437


about=Emerald Island Garage

a_0=2888.056884,2418.421630,10.820312

d_0=2090.402832,2412.060546,49.523437


interior=0
time=1
date=1/12/2009
creator=Killadel Rydaz
played=1
attwins=0
defwins=1
