home=1197.803955,-1196.580200,31.812500

a_0=-49.2615,-1572.1580,3.0671
d_0=1187.486694,-1199.944458,31.812500


about=Los Santos Market
interior=0
date=1/12/2009
creator=Killadel Rydaz
played=2
attwins=0
defwins=2
