home=-2366.8853,1536.2212,2.1172

d_0=-2371.378173,1551.403076,2.117187


a_0=-2083.8987,214.6232,35.1806


about=SF Cargo Ship
interior=0
date=1/12/2009
creator=Killadel Rydaz
played=19
attwins=6
defwins=8
