home=1462.240844,-1895.181640,22.510921

a_0=-65.240493,-1586.483398,2.617187


d_0=1479.3271,-1897.5402,22.2774



about=Verdant Bluffs Hotel
interior=0
date=1/12/2009
creator=Killadel Rydaz
played=1
attwins=1
defwins=0
