home=-1307.6708,2543.1077,87.7422

d_0=-1290.8826,2491.1890,87.0175

a_0=-538.544372,2628.374023,53.414062


about=LV Deserted Site
interior=0
date=1/12/2009
creator=Killadel Rydaz
