home=2168.519531,-2245.367919,20.158733

a_0=2768.622314,-1964.929809,13.378944

d_0=2184.697265,-2261.592285,13.422945


about=Willowfield Cargo Hold
interior=0
date=1/12/2009
creator=Killadel Rydaz
