home=2531.214843,-1677.729370,19.930225


a_0=2769.395507,-1959.232543,13.376470

d_0=2486.133300,-1718.013305,18.582065

about=Grove Street
interior=0
date=1/12/2009
creator=Killadel Rydaz
played=7
attwins=2
defwins=4
