home=2647.542480,1211.278564,26.923290

a_0=1683.6630,1620.5045,10.8203
d_0=2656.092773,1212.049072,26.923290



about=LV Abandoned Building
interior=0
date=1/12/2009
creator=Killadel Rydaz
played=7
attwins=2
defwins=1
