home=-1481.444213,2626.578857,58.781250


a_0=-538.544372,2628.374023,53.414062
d_0=-1478.070434,2634.123535,62.328125


about=El Quebrados
interior=0
date=1/12/2009
creator=Killadel Rydaz
played=1
attwins=0
defwins=1
