home=183.257629,-108.058761,2.023437

a_0=1534.271484,-41.287029,21.096275
d_0=175.058090,-100.279624,1.550603


about=Blueberry Housing Complex
interior=0
date=1/12/2009
creator=Killadel Rydaz
played=3
attwins=2
defwins=0
