home=849.664367,-1344.428710,26.050548

a_0=-49.2615,-1572.1580,3.0671
d_0=840.372314,-1355.888061,26.050548


about=Market Station Rooftop
interior=0
date=1/12/2009
creator=Killadel Rydaz
