home=-720.827331,1540.128417,40.463596

a_0=-538.544372,2628.374023,53.414062
d_0=-727.934082,1547.070678,38.990016


about=Tierra Robada
interior=0
date=1/12/2009
creator=Killadel Rydaz
played=3
attwins=0
defwins=1
