home=-2661.122070,1423.517700,23.898437


a_0=-1978.614013,284.990692,35.171875

d_0=-2637.897460,1410.411499,23.898437



about=Jizzy's Rooftop
interior=0
time=
date=1/12/2009
creator=Killadel Rydaz
played=2
attwins=0
defwins=2
