about=SF Police Dep.

home=-1634.1938,665.8509,-5.2422

a_0=-2083.8987,214.6232,35.1806

d_0=-1595.933471,662.424560,7.187500


interior=0
date=1/12/2009
creator=Killadel Rydaz
played=14
attwins=2
defwins=4
