home=1315.276489,270.412506,31.628156

a_0=1534.271484,-41.287029,21.096275
d_0=1325.595703,269.742156,26.227525


about=Abandoned Sprunk Factory
interior=0
date=1/12/2009
creator=Killadel Rydaz
