home=2499.178466,1153.525024,25.391725

a_0=1683.6630,1620.5045,10.8203
d_0=2495.642578,1147.792358,22.023197



about=Old Las Venturas
interior=0
date=1/12/2009
creator=Killadel Rydaz
played=1
