home=2225.770507,2457.869384,-7.874582


a_0=2106.838378,1410.278076,10.820312



d_0=2248.812255,2454.290283,-7.922358




about=SF Police Dep.
interior=0
time=
date=1/12/2009
creator=Killadel Rydaz
played=5
attwins=4
defwins=1
