home=-2187.991210,-2428.364013,35.516162

a_0=-49.2615,-1572.1580,3.0671

d_0=-2191.728515,-2423.118652,35.523437


about=Angel Pine Storage
interior=0
date=1/12/2009
creator=Killadel Rydaz
played=2
attwins=0
defwins=1
