home=2585.343505,2373.207519,17.820312



a_0=1512.035156,2242.104736,10.820312

d_0=2571.529052,2360.252929,17.820312



about=Rock Hotel
interior=0
date=1/12/2009
creator=Killadel Rydaz
time=0
played=4
attwins=1
defwins=2
