home=2568.934326,1561.601318,19.274698

a_0=1683.6630,1620.5045,10.8203
d_0=2567.699707,1557.224853,17.203493


about=Pilgrim Motel
interior=0
date=1/12/2009
creator=Killadel Rydaz
