home=1433.642456,2621.250976,11.392614


a_0=1683.6630,1620.5045,10.8203
d_0=1433.642456,2621.250976,11.392614



about=Yellow Bell Station
interior=0
date=1/12/2009
creator=Killadel Rydaz
played=1
attwins=1
defwins=0
