home=2005.501220,2928.593505,47.867767

a_0=1683.6630,1620.5045,10.8203
d_0=2005.684814,2923.526123,48.312500


about=LV Sewage
interior=0
date=1/12/2009
creator=Killadel Rydaz
