home=710.792724,1985.064697,3.459570

a_0=1683.6630,1620.5045,10.8203

d_0=725.170471,1997.136352,4.929687


about=Bone County House
interior=0
date=1/12/2009
creator=Killadel Rydaz
played=4
attwins=0
defwins=1
