home=2562.6738,788.1867,10.9545

a_0=1683.6630,1620.5045,10.8203
d_0=2602.265625,805.283935,10.954463


about=Rockshore East Construction
interior=0
date=1/12/2009
creator=Killadel Rydaz
played=1
attwins=0
defwins=1
