about=Nang's Ship

home=-1423.6421,1490.1405,1.8672

a_0=-1759.018188,-163.956558,3.554687



d_0=-1443.7356,1485.9174,11.8084

interior=0
date=1/12/2009
creator=Killadel Rydaz
played=31
attwins=6
defwins=14
