home=2449.112792,-1479.418579,37.195312

a_0=2769.362792,-1955.843872,13.375807


d_0=2451.110839,-1477.644165,37.187995


about=Mama's House
interior=0
date=1/12/2009
creator=Killadel Rydaz
played=5
attwins=3
defwins=1
