home=-2041.439331,-2346.472656,46.941406

a_0=-49.2615,-1572.1580,3.0671

d_0=-2035.826416,-2343.680664,46.383728


about=Angel Pine Sawmill
interior=0
date=1/12/2009
creator=Killadel Rydaz
played=1
attwins=0
defwins=1
