home=-1845.081298,-1708.843994,41.106361

a_0=-1554.142211,-2750.180419,48.534919
d_0=-1849.714477,-1710.403808,40.759475


about=Angel pines Junkyard
interior=0
date=1/12/2009
creator=Killadel Rydaz
played=1
attwins=0
defwins=1
