home=1232.719726,-812.038391,1084.007812


a_0=1263.788452,-782.503540,1091.906250


d_0=1243.734985,-834.619323,1084.014892



about=Madd Dogg's Mansion (Interior)
interior=5
time=
date=1/12/2009
creator=Killadel Rydaz
played=19
attwins=2
defwins=1
