home=297.581298,1816.296142,4.710937

a_0=-315.216827,1520.186035,75.356956

d_0=292.480712,1816.226684,4.726562

interior=0
about=Area 51 (Inside)
date=1/12/2009
creator=Killadel Rydaz
played=2
attwins=2
defwins=0
