interior=2
time=
a_0=2526.386474,-1293.747192,1048.289062

home=2580.294921,-1284.400268,1065.358764

d_0=2571.429931,-1282.672851,1060.984375

about=Big Smoke's Crack Factory
date=1/12/2009
creator=Killadel Rydaz
played=13
