interior=3
time=
a_0=294.007141,174.704269,1007.171875


home=197.376312,168.546066,1003.023437

d_0=202.227706,168.447006,1003.023437

about=SF Police Dep. (Interior)
date=1/12/2009
creator=Killadel Rydaz
played=17
attwins=2
defwins=1
