home=-2473.392333,1549.803833,33.227333

interior=0
time=
d_0=-2474.766845,1549.381469,33.227333

a_0=-2902.000000,462.243041,4.914062

about=San Fierro Freighter
date=1/12/2009
creator=Killadel Rydaz
played=4
attwins=0
defwins=2
