home=1119.165039,-1619.431518,20.514097

interior=0
time=1
d_0=1118.053710,-1620.040161,20.503959

a_0=837.127685,-1918.688476,12.867187

about=LS Market Place
date=1/12/2009
creator=Killadel Rydaz
played=1
