about=Toreno Ranch

home=-688.3318,937.6734,13.6328

a_0=1683.6630,1620.5045,10.8203

d_0=-699.677307,952.506469,12.332840


interior=0
date=1/12/2009
creator=Killadel Rydaz
