d_0=2578.880371,2825.062500,10.820312

interior=0
time=
home=2593.250244,2825.785644,19.992187

a_0=2873.742187,2397.541015,10.820312

about=K.A.C.C. Warehouse
date=1/12/2009
creator=Killadel Rydaz
played=1
