home=-1307.384765,502.001953,11.195312

d_0=-1312.941650,506.004852,11.195312

a_0=-2079.331542,208.931472,35.313835

about=Army Carrier
date=1/12/2009
creator=Killadel Rydaz
