home=-1954.293823,300.598083,41.047080

d_0=-1951.275024,267.448852,41.047080

a_0=-1531.964477,924.565917,7.039062

about=Wangs Cars
date=1/12/2009
creator=Killadel Rydaz
played=5
attwins=1
defwins=3
