home=726.380187,-1474.904052,17.689085

d_0=704.817626,-1457.127807,17.695312

a_0=1792.240966,-1918.867675,13.393120

about=Marina Complex
date=1/12/2009
creator=Killadel Rydaz
played=1
