home=1691.382202,-1973.141845,8.825299

d_0=1724.547973,-1976.128417,14.117820

a_0=2780.801269,-2019.243896,13.554687

about=Unity Station
date=1/12/2009
creator=Killadel Rydaz
played=4
attwins=1
defwins=1
