home=715.628417,-1692.981445,2.429687

d_0=705.881530,-1678.534667,3.437500

a_0=247.277099,-1832.685180,3.699225

about=Marina House Dock
date=1/12/2009
creator=Killadel Rydaz
time=12
