home=721.685791,-1276.558227,17.648437

d_0=723.205078,-1262.555419,17.648437

a_0=-57.356506,-1605.355224,2.785869

about=Vinewood Country Club
date=1/12/2009
creator=Killadel Rydaz
played=4
attwins=3
defwins=1
