home=1291.458251,-788.069946,96.460937

d_0=1291.458251,-788.069946,96.460937

a_0=592.057556,-64.161674,19.889677

about=Madd Dogg's Mansion
date=1/12/2009
creator=Killadel Rydaz
