home=960.757690,-71.379196,22.809400

d_0=967.794555,-85.626167,19.607133

a_0=1337.498535,227.931396,19.406250

about=Fern Ridge
date=1/12/2009
creator=Killadel Rydaz
