home=1542.883789,16.292411,24.140625

d_0=1558.143432,24.893451,24.157894

time=1
a_0=515.206665,-220.578170,15.196422

about=Red County Country Land
date=1/12/2009
creator=Killadel Rydaz
played=1
attwins=0
defwins=1
