about=LVA Freigh Depot

home=1428.411987,1066.952636,10.025970


a_0=1683.6630,1620.5045,10.8203

d_0=1408.888183,1066.438354,10.820312


interior=0
date=1/12/2009
creator=Killadel Rydaz
played=3
attwins=0
defwins=2
