home=-91.224624,-39.037811,6.484375

d_0=-126.421981,-55.633087,3.117187

a_0=-320.990722,829.177062,17.545433

about=Blueberry Acres Farm
date=1/12/2009
creator=Killadel Rydaz
