home=2249.098876,-1092.890869,41.601562

d_0=2249.098876,-1092.890869,41.601562

a_0=2907.560302,-1065.418945,11.062217

about=Las Colinas
date=1/12/2009
creator=Killadel Rydaz
played=1
attwins=0
defwins=1
