home=2216.493652,-1179.592041,29.797086

d_0=2218.150878,-1165.192749,25.726562

a_0=2904.921142,-1023.717529,11.046875

about=Ballas Motel
date=1/12/2009
creator=Killadel Rydaz
played=1
