home=2336.816894,-1245.159301,22.500000

d_0=2336.816894,-1245.159301,22.500000

a_0=2899.782958,-1075.306640,11.095687

about=East Los Santos Garage
date=1/12/2009
creator=Killadel Rydaz
played=1
attwins=0
defwins=1
