home=2340.776367,-1184.374877,35.544151

d_0=2340.776367,-1184.374877,35.544151

a_0=2900.436767,-1057.820922,11.040664

about=East LS Housing Complex
date=1/12/2009
creator=Killadel Rydaz
played=2
attwins=1
defwins=0
