home=1908.809204,-1585.400634,29.049999

d_0=1908.809204,-1585.400634,29.049999

a_0=1529.747680,-1901.684448,14.141422

about=Idlewood Apartments
date=1/12/2009
creator=Killadel Rydaz
