home=1653.418212,-1659.025146,22.515625





d_0=1648.843017,-1678.495605,21.429037

a_0=1529.369628,-1899.581054,14.059178

about=Commerce District
date=1/12/2009
creator=Killadel Rydaz
