home=1513.700439,-1461.256469,9.500000

d_0=1519.805175,-1471.421020,9.500000

a_0=919.063110,-1852.397827,10.030567

about=Commerce Underground
date=1/12/2009
creator=Killadel Rydaz
played=1
attwins=0
defwins=1
