home=-1681.758056,1210.116088,21.156250

d_0=-1656.532226,1207.222900,21.156250

a_0=-2264.612304,1334.810791,7.039062

about=Ottos Autos Showroom
date=1/12/2009
creator=Killadel Rydaz
played=4
attwins=2
defwins=0
