home=-1954.344360,-858.959838,35.890884

d_0=-1959.255126,-888.942321,35.890884

a_0=-2398.491210,-589.078613,132.648437

about=Foster Valley
date=1/12/2009
creator=Killadel Rydaz
played=4
attwins=3
defwins=1
