about=LV Construction Site

home=2387.138671,1829.310668,6.015625


a_0=1683.662963,1620.504516,10.820312



d_0=2486.6711,1870.6143,10.4202

interior=0
date=1/12/2009
creator=Killadel Rydaz
played=1
attwins=0
defwins=1
