home=-1972.915771,114.449089,30.658203

d_0=-1974.800537,126.964881,27.694049

a_0=-2704.881835,391.692626,4.367187

about=Cranberry Station
date=1/12/2009
creator=Killadel Rydaz
