home=-2178.766113,716.478759,53.891033

d_0=-2177.489501,703.073181,53.890625

a_0=-2078.807128,209.541366,35.311260

about=Chinatown Lockup
date=1/12/2009
creator=Killadel Rydaz
played=4
attwins=2
defwins=2
