home=-2180.945068,609.147338,35.164062

d_0=-2181.870849,608.322265,35.164062

a_0=-2079.921386,209.374298,35.313148

about=Chinatown Triad Turf
date=1/12/2009
creator=Killadel Rydaz
