home=-2535.781738,47.409564,8.507812

d_0=-2535.335693,43.620933,8.507812

a_0=-2079.921386,209.374298,35.313148

about=Hashburry Underground
date=1/12/2009
creator=Killadel Rydaz
