home=1217.026000,-1641.941162,11.796875


d_0=1223.448608,-1654.476074,11.796875


interior=0
time=
a_0=280.164672,-1829.182861,3.853023

about=LS Hospital
date=1/12/2009
creator=Killadel Rydaz
played=2
attwins=2
defwins=0
