home=853.027221,-1405.105712,-1.592719

d_0=837.985229,-1376.458374,-0.501461

interior=0
time=
a_0=-139.141128,-1090.163940,5.332539

about=LS Market Station
date=1/12/2009
creator=Killadel Rydaz
played=1
