a_0=2222.139160,-1148.506103,1025.796875

d_0=2193.210693,-1143.130371,1029.796875


home=2200.556884,-1144.471313,1029.796875


interior=15
about=LS Hotel (Interior)
date=1/12/2009
creator=Killadel Rydaz
played=21
attwins=2
defwins=0
