home=-1586.644897,40.184814,17.328125

interior=0
d_0=-1574.006225,53.039867,17.328125

time=
a_0=-2033.042846,476.847290,35.171875

about=SF Exports
date=1/12/2009
creator=Killadel Rydaz
played=1
attwins=1
defwins=0
