home=1906.965332,-1319.078979,14.191030

interior=0
d_0=1926.018554,-1318.450561,16.816658

time=
a_0=2500.492431,-1667.009277,13.353512

about=LS Construction Site
date=1/12/2009
creator=Killadel Rydaz
played=2
attwins=2
defwins=0
