home=892.631652,-1638.103149,14.948328

interior=0
d_0=889.534179,-1660.444458,13.546875

a_0=114.163078,-1658.446166,9.919113

time=12
about=Marina Houses
date=1/12/2009
creator=Killadel Rydaz
played=3
attwins=1
defwins=1
