home=2801.846923,-1437.503906,32.124591



interior=0
d_0=2802.073486,-1450.304077,32.108024

time=12
a_0=2500.492431,-1667.009277,13.353512

about=LS Parking Building
date=1/12/2009
creator=Killadel Rydaz
played=2
attwins=2
defwins=0
