home=1727.194458,-1632.308227,20.215084

interior=0
time=12
d_0=1723.868530,-1629.307617,20.213619

a_0=369.545257,-2029.700073,7.671875

about=Commerce Mall
date=1/12/2009
creator=Killadel Rydaz
played=2
attwins=0
defwins=1
