home=2262.218017,62.656551,26.484375

interior=0
d_0=2278.775878,63.355564,26.484375

time=16
a_0=2359.940185,531.514343,1.796875

about=Palomino Cheeck
date=1/12/2009
creator=Killadel Rydaz
