home=-2424.823486,337.387359,37.002220

interior=0
d_0=-2414.369628,330.787841,34.975502

time=8
about=Vank Hoff in the Park
a_0=-1759.536987,-160.848617,3.554687

date=1/12/2009
creator=Killadel Rydaz
played=3
attwins=1
defwins=1
