home=-2185.960937,2416.436523,5.178992

interior=0
d_0=-2193.890869,2406.176513,4.965225

time=4
a_0=-1205.499755,1821.192993,41.718750

about=Bayside Boat School
date=1/12/2009
creator=Killadel Rydaz
played=1
