home=414.274810,2533.061279,19.148437

interior=0
d_0=400.652374,2530.431152,16.561435

time=20
a_0=1683.466796,1620.250244,10.820312

about=Abandoned Airport
date=1/12/2009
creator=Killadel Rydaz
played=5
attwins=2
defwins=0
