home=-2816.728027,-1524.121704,140.843750

interior=0
d_0=-2816.547363,-1522.675048,140.843750

about=Chilliad Wood House
time=4
a_0=-2321.568847,-1616.064086,483.731170

date=1/12/2009
creator=Killadel Rydaz
played=2
attwins=1
defwins=0
