home=-1112.979736,-1620.709838,76.373939

interior=0
time=8
d_0=-1098.832641,-1646.996704,76.367187

a_0=-1344.296264,-575.649719,14.143965

date=1/12/2009
creator=Killadel Rydaz
about=Leafy Hollow
played=2
attwins=1
defwins=1
