home=-1071.666992,-1202.261108,129.218750

interior=0
d_0=-1072.647460,-1212.938598,129.218750

time=12
a_0=-1344.296264,-575.649719,14.143965

date=1/12/2009
creator=Killadel Rydaz
about=The Farm
played=2
