date=1/13/2009
creator=[KR]Devastator
home=-1712.016479,1037.104248,17.914062

interior=0
d_0=-1727.410644,1033.560546,17.585937

time=16
a_0=-1754.204711,-167.430236,3.554687

played=4
about=Valet Parking
attwins=2
defwins=1
