home=1271.475463,295.177612,20.656307

a_0=1534.271484,-41.287029,21.096275
d_0=1263.160888,290.448852,19.554687



about=Montgomery

interior=0
date=1/12/2009
creator=Killadel Rydaz
played=4
attwins=1
defwins=1
