date=1/19/2009
creator=[KR]Devastator
home=1628.247802,579.328613,1.757812

interior=0
time=0
d_0=1628.384155,582.936401,1.757812

a_0=314.126342,37.067981,2.924169

about=LV Docks
played=1
attwins=1
defwins=0
