date=1/19/2009
creator=[KR]Devastator
home=569.232788,824.473815,-29.843750

interior=0
d_0=557.685852,822.488769,-30.172792

time=0
a_0=1628.227905,579.337036,1.757812

played=3
about=Hunter Quarry
attwins=0
defwins=1
