date=1/20/2009
creator=[KR]Devastator
home=263.891479,-196.376052,7.061348

interior=0
d_0=268.123504,-187.290695,7.061348

time=4
a_0=721.700256,-529.915771,16.186794

about=Blueberry Ammunation
