date=4/10/2011
creator=[PTM]Raekwon
home=1382.396118,462.985473,24.145202

interior=0
d_0=1382.396118,462.985473,24.145202

time=20
a_0=1290.672729,323.784454,19.406250

about=Roberts Base
played=1
