date=2/14/2009
creator=[KR]Jose
home=1449.276123,2773.997070,27.303274

interior=0
d_0=1484.834594,2772.900146,10.820312

a_0=2504.921630,2523.976318,21.875000

played=6
attwins=2
defwins=3
