date=2/14/2009
creator=[KR]Jose
home=1969.697143,1644.186523,12.242187

interior=0
d_0=1967.941650,1638.636474,12.242187

a_0=2349.306152,1495.779541,42.820312

played=2
attwins=0
defwins=1
