home=-109.998741,1098.806030,19.593750

ata=-266.705200,1014.896362,19.593750

min=-322.528350,938.086853


max=69.800102,1231.955566


def=31.867324,1196.485107,18.901647

interior=0
time=1

about=Fort Carson
