ata=1252.494262,-64.816482,1002.498901

def=1304.929077,4.478727,1001.027465

home=1282.675170,-24.921140,1001.015625

interior=18
time=1
about=Warehouse 2 (Int)
