min=-1220.302612,-1064.009399

ata=-1199.015502,-985.661621,128.771163

home=-1085.112182,-982.546264,128.761734

interior=0
def=-1012.817810,-986.233215,128.759689


max=-1002.833251,-909.376586

time=4
about=Countryside Farm
