min=87.819038,-336.780273

time=0
def=189.835586,-314.941650,1.572371

home=224.684295,-130.930755,1.242852

interior=0
ata=249.024780,26.205789,2.163225

max=344.699432,34.270050

about=Blueberry
