ata=664.868591,-445.749328,16.335937

max=862.597717,-428.209350


home=721.700256,-529.915771,16.186794



interior=0
time=0
def=792.531433,-607.935913,16.009807

min=587.810363,-653.566406

about=Dillimore
