min=1837.012573,-1271.443481

ata=1854.545654,-1258.038940,13.390625

home=1970.227172,-1197.787841,25.226654

interior=0
def=2063.665771,-1133.927734,23.303592


max=2081.199462,-1125.264770

time=20
about=Glen Park
