ata=188.567611,1986.174682,1098.151367

def=203.266067,1884.149169,1098.151367

time=0
min=161.593139,1878.325561
max=221.510833,1993.925903

home=189.158508,1934.018554,1098.396850

interior=0
