min=-2670.436767,2218.489257


max=-2172.165527,2472.297851


time=1

def=-2236.458984,2293.962402,6.347167

ata=-2615.521484,2260.510498,8.197558


home=-2430.859863,2336.115234,5.835937

interior=0
about=Bayside
