interior=0
ata=-1343.823730,33.533245,5.571537


time=1
def=-1466.304809,-143.777328,5.564713


home=-1412.838500,-83.053741,5.530676

min=-1547.629516,-186.970565



max=-1301.795410,75.990135





about=LV Airport Parking Lot
