min=-1137.559814,1018.701904

max=-967.937316,1100.385864

time=
interior=10
home=-1039.674560,1061.539550,1358.914062

def=-972.503356,1061.434814,1345.666381

ata=-1131.078002,1058.030761,1346.414062

about=RC Arena
