min=-2816.438964,-219.745162

max=-2599.571777,-61.838706

interior=0
time=1
home=-2705.586425,-143.941177,4.179687

ata=-2805.451171,-205.403259,7.031250

def=-2618.076660,-75.666244,4.335937

about=Ocean Flats Suburbs
