min=-904.872497,1408.437011

time=1
interior=0
max=-642.451354,1661.622558

ata=-740.595458,1619.204711,27.117187

def=-823.593444,1435.389648,13.789062

home=-797.072937,1555.165283,27.144304

about=Las Barrancadas
