min=1166.820434,137.793060

max=1447.436645,482.026153

ata=1364.317382,473.646301,20.210937

def=1285.585693,174.033798,20.410064

home=1271.832519,294.906738,20.656307

interior=0
time=1
about=Montgomery
