home=-2170.111816,-2412.433837,34.296875

min=-2297.377929,-2532.144287

max=-2003.108276,-2238.375732

ata=-2196.904541,-2319.972656,30.625000

def=-2115.950927,-2494.419433,30.625000

interior=0
time=1
about=Angel Pine
