def=1413.143066,-20.130586,1000.924621

ata=1362.398193,-21.711326,1000.921875

home=1388.869750,-20.381008,1000.912780

interior=1
time=1
about=Warehouse (Int)
